JUAN
PRO000
1
0
0
1
0
1
0
1
0
0
0
1
7650
1
7650
12
11
2023
1
----------
MARIANA
PRO001
1
1
0
0
0
0
0
0
0
0
0
2
1200
1
1200
10
11
2023
1
-----------
JUAN
PRO002
2
0
0
0
0
0
5
0
0
0
0
3
5100
0
5600
1
11
2023
0
----------
JUANA
PRO003
2
0
0
0
0
0
2
2
0
0
0
2
6290
0
6790
11
11
2023
1
-----------
SUSANA
PRO004
2
0
0
0
0
0
0
2
1
0
0
4
8075
1
8075
10
10
2023
1
------------------
JORGE
PRO005
2
1
1
0
0
0
0
0
0
0
0
1
2250
1
2250
15
10
2023
1
--------------
JUAN
PRO006
2
0
0
0
3
0
0
0
0
0
0
1
8400
1
8400
3
11
2023
1
------------------
DANIEL
PRO006
1
0
0
0
0
0
0
1
1
1
0
4
9550
1
9550
11
10
2023
1
----------------
EUGENIA
PRO007
1
0
0
0
0
0
0
0
0
1
2
4
7570
1
7570
11
11
2023
1
---------------
CECILIA
PRO008
1
0
0
0
0
0
2
2
0
0
0
3
6290
1
6290
15
10
2023
1
--------------