
JUAN
PRO006
2
0
0
0
3
0
0
0
0
0
0
1
8400.000000
1
8400.000000
3
11
2023
1
-------------------------------------------------
JORGE
PRO005
2
1
1
0
0
0
0
0
0
0
0
1
2250.000000
1
2250.000000
15
10
2023
1
-------------------------------------------------
JUAN
PRO000
1
0
0
1
0
1
0
1
0
0
0
1
7650.000000
1
7650.000000
12
11
2023
1
-------------------------------------------------
PEPE
owb239
1
0
2
0
0
0
0
0
0
0
0
1
2100.000000
1
2100.000000
14
11
2023
0
-------------------------------------------------
